ABC
8372
8372
8372
8372
8372
8372
8372
8372
8372
8372
8372
8372
8372
8372
8372
8372
8372
8372
8372
8372
8372
8372
1287
1287
1287
1287
1287
1287
1287
1287
1287
1287
1287
1287
1287
1287
1287
1287
1287
1287
1287
1287
1287
1287
6726
6726
6726
6726
6726
6726
6726
6726
6726
6726
6726
6726
6726
6726
6726
6726
6726
6726
6726
6726
6726
6726
4587
4587
4587
4587
4587
4587
4587
4587
4587
4587
4587
4587
4587
4587
4587
4587
4587
4587
4587
4587
4587
4587
6852
6852
6852
6852
6852
6852
6852
6852
6852
6852
6852
6852
6852
6852
6852
6852
6852
6852
6852
6852
6852
6852
2536
2536
2536
2536
2536
2536
2536
2536
2536
2536
2536
2536
2536
2536
2536
2536
2536
2536
2536
2536
2536
2536
6738
6738
6738
6738
6738
6738
6738
6738
6738
6738
6738
6738
6738
6738
6738
6738
6738
6738
6738
6738
6738
6738
7289
7289
7289
7289
7289
7289
7289
7289
7289
7289
7289
7289
7289
7289
7289
7289
7289
7289
7289
7289
7289
7289
8574
8574
8574
8574
8574
8574
8574
8574
8574
8574
8574
8574
8574
8574
8574
8574
8574
8574
8574
8574
8574
8574
9526
9526
9526
9526
9526
9526
9526
9526
9526
9526
9526
9526
9526
9526
9526
9526
9526
9526
9526
9526
9526
9526
2637
2637
2637
2637
2637
2637
2637
2637
2637
2637
2637
2637
2637
2637
2637
2637
2637
2637
2637
2637
2637
2637
5279
5279
5279
5279
5279
5279
5279
5279
5279
5279
5279
5279
5279
5279
5279
5279
5279
5279
5279
5279
5279
5279
3789
3789
3789
3789
3789
3789
3789
3789
3789
3789
3789
3789
3789
3789
3789
3789
3789
3789
3789
3789
3789
3789
